{
 "cells": [
  {
   "cell_type": "markdown",
   "metadata": {},
   "source": [
    "# Exercise 3: Numpy"
   ]
  },
  {
   "cell_type": "markdown",
   "metadata": {},
   "source": [
    "Perform the follwing tasks:\n"
   ]
  },
  {
   "cell_type": "code",
   "execution_count": 1,
   "metadata": {},
   "outputs": [],
   "source": [
    "#3.1: import the numpy library\n",
    "import numpy as np"
   ]
  },
  {
   "cell_type": "code",
   "execution_count": 3,
   "metadata": {},
   "outputs": [
    {
     "name": "stdout",
     "output_type": "stream",
     "text": [
      "[[0.80239214 0.54248172 0.70909567 0.98948944 0.45091807 0.26214302\n",
      "  0.62935415 0.52893441 0.00803918 0.52791929]\n",
      " [0.89437271 0.34022404 0.75603554 0.60172082 0.59998635 0.94466539\n",
      "  0.37576176 0.68539601 0.82644253 0.70725407]\n",
      " [0.05277409 0.97332832 0.10453204 0.97077995 0.73871411 0.88809263\n",
      "  0.98131273 0.46704427 0.27744636 0.01122505]\n",
      " [0.69880858 0.83209481 0.07711913 0.5088018  0.53252781 0.12925812\n",
      "  0.3954249  0.44100212 0.18368476 0.81156375]\n",
      " [0.59164219 0.10269803 0.86561855 0.25457738 0.64477071 0.15623633\n",
      "  0.20657158 0.54365541 0.96830158 0.8402461 ]\n",
      " [0.26711788 0.83650265 0.76374435 0.05868692 0.08599611 0.6665315\n",
      "  0.00804073 0.67941619 0.56795564 0.79374177]\n",
      " [0.4556171  0.5423572  0.79303679 0.61509501 0.4265342  0.5051422\n",
      "  0.34705658 0.91403581 0.19670773 0.71634895]\n",
      " [0.18225854 0.43244202 0.53723628 0.55526198 0.00913517 0.52917796\n",
      "  0.03501838 0.67391757 0.98476789 0.56338813]\n",
      " [0.16232429 0.01217556 0.07463151 0.28503684 0.13674238 0.3178581\n",
      "  0.1076607  0.42642073 0.45548416 0.62102088]\n",
      " [0.10054962 0.72397586 0.46860231 0.43279992 0.36481534 0.20098461\n",
      "  0.48255549 0.80467876 0.0644985  0.15099884]]\n"
     ]
    }
   ],
   "source": [
    "#3.2: create a random 10x10 array named A\n",
    "A = np.random.rand(10, 10)\n",
    "print(A)"
   ]
  },
  {
   "cell_type": "code",
   "execution_count": 4,
   "metadata": {},
   "outputs": [
    {
     "name": "stdout",
     "output_type": "stream",
     "text": [
      "[[0.80239214 0.54248172 0.70909567 0.98948944 0.45091807 0.26214302\n",
      "  0.62935415 0.52893441 0.00803918 0.52791929]\n",
      " [0.05277409 0.97332832 0.10453204 0.97077995 0.73871411 0.88809263\n",
      "  0.98131273 0.46704427 0.27744636 0.01122505]\n",
      " [0.59164219 0.10269803 0.86561855 0.25457738 0.64477071 0.15623633\n",
      "  0.20657158 0.54365541 0.96830158 0.8402461 ]\n",
      " [0.4556171  0.5423572  0.79303679 0.61509501 0.4265342  0.5051422\n",
      "  0.34705658 0.91403581 0.19670773 0.71634895]\n",
      " [0.16232429 0.01217556 0.07463151 0.28503684 0.13674238 0.3178581\n",
      "  0.1076607  0.42642073 0.45548416 0.62102088]]\n"
     ]
    }
   ],
   "source": [
    "#3.3: return only the odd rows of A\n",
    "odd = A[::2]\n",
    "print(odd)"
   ]
  },
  {
   "cell_type": "code",
   "execution_count": 5,
   "metadata": {},
   "outputs": [],
   "source": [
    "#3.4: perform a matrix multiplication of A with it's transposed\n",
    "transposeA = A.transpose()\n",
    "A.dot(transposeA)"
   ]
  },
  {
   "cell_type": "code",
   "execution_count": 6,
   "metadata": {},
   "outputs": [
    {
     "name": "stdout",
     "output_type": "stream",
     "text": [
      "[[ 0.47516744  1.5704037  -0.93299622  0.46371068 -0.67924164 -0.12479562\n",
      "  -1.53256074 -0.13418805 -0.08029884  1.09748396]\n",
      " [-0.27413415 -0.29273855  0.17392985  0.78502406 -0.10386969  0.37513166\n",
      "   0.02026516  0.53251719 -1.27338353 -0.14240372]\n",
      " [ 0.70487023 -0.56084051  0.1699491  -0.86485455  0.66259257  0.65371661\n",
      "   0.34531882 -0.16663933 -0.69193904 -0.49590778]\n",
      " [-0.29171289 -0.74112019  0.43830758  0.49927797 -0.12140748 -1.3189003\n",
      "   2.34404844  1.60722012 -1.45562754 -1.74667986]\n",
      " [-2.33837153 -0.20836668  0.77870916  1.1290237   0.86640756 -1.57080369\n",
      "   3.63560823  0.38653872 -2.55659995 -1.71387212]\n",
      " [-0.37042155  0.68087434  0.38213187 -0.35355439 -0.5860963   0.36388756\n",
      "   0.63646382 -0.37102585  0.10584335 -0.74406646]\n",
      " [ 2.87153363  0.08661448 -0.09021531 -1.78730111  0.25293286  2.07687413\n",
      "  -5.22057832 -2.27057673  4.21555802  2.74385959]\n",
      " [-0.75107504  0.84556265 -0.81399548  0.13800534 -0.64095642 -0.78251624\n",
      "   0.13666062  0.13706648  0.63295158  1.90133165]\n",
      " [ 0.12330696  0.22111955 -0.0437193  -0.0451248   0.40767357  0.03017905\n",
      "  -1.59958804  0.5841612   0.26606964  0.66654151]\n",
      " [ 0.56230659 -1.05758636  0.25844104 -0.08127697  0.36213847  0.86680722\n",
      "   0.14094475 -0.71716917  1.55565589 -0.93465729]]\n"
     ]
    }
   ],
   "source": [
    "#3.5: compute the matrix inverse of A\n",
    "invA = np.linalg.inv(A)\n",
    "print(invA)"
   ]
  },
  {
   "cell_type": "code",
   "execution_count": 11,
   "metadata": {},
   "outputs": [
    {
     "name": "stdout",
     "output_type": "stream",
     "text": [
      "[0.40119607 0.27124086 0.35454784 0.49474472 0.31467707 0.26446721\n",
      " 0.26395964 0.44718636 0.37801777 0.30086041 0.29999317 0.47233269\n",
      " 0.34269801 0.41322127 0.35362704 0.48666416 0.48538997 0.36935706\n",
      " 0.44404632 0.49065637 0.34940429 0.4160474  0.2544009  0.26626391\n",
      " 0.40578188 0.29582109 0.43280928 0.32238535 0.2718277  0.48415079\n",
      " 0.42012305 0.41825133 0.38187217 0.33326575 0.33970809 0.28397782\n",
      " 0.39687089 0.2711786  0.3965184  0.3075475  0.2525711  0.4570179\n",
      " 0.35817447 0.26861814 0.27763099 0.26458898 0.33695879 0.49238394\n",
      " 0.28169406 0.31051044 0.36198793 0.40233938]\n"
     ]
    }
   ],
   "source": [
    "#3.6: divide all entries of A which are lager than 0.5 by 2 (hint: use where() )\n",
    "inA = np.where(A > 0.5)\n",
    "divA = np.divide(A[inA], 2)\n",
    "print(divA)"
   ]
  },
  {
   "cell_type": "code",
   "execution_count": null,
   "metadata": {},
   "outputs": [],
   "source": []
  }
 ],
 "metadata": {
  "kernelspec": {
   "display_name": "Python 3",
   "language": "python",
   "name": "python3"
  },
  "language_info": {
   "codemirror_mode": {
    "name": "ipython",
    "version": 3
   },
   "file_extension": ".py",
   "mimetype": "text/x-python",
   "name": "python",
   "nbconvert_exporter": "python",
   "pygments_lexer": "ipython3",
   "version": "3.7.4"
  }
 },
 "nbformat": 4,
 "nbformat_minor": 4
}
